RyRCa1_fwd_rate = 0.009958381168304343 +/- 1.0354547071641844e-05
Ca4RyR4_open_fwd_rate = 972.0624494862117 +/- 0.0010710754029153462
Ca4RyR4_open_bkw_rate = 0.0010445739175864873 +/- 0.0010733401003423524
O1_flicker_fwd_rate = 0.05081603085682687 +/- 0.0010979039679844557
O1_flicker_bkw_rate = 62.734315536701466 +/- 0.0011181917389601998
O2_I_flicker_fwd_rate = 247.04371506551968 +/- 0.0010936411235523721
O2_I_flicker_bkw_rate = 1.8698259394334704 +/- 0.00110555133437949
